1
0
1300
2500
414 1186
394 1091
248 479
403 502
384 1163
618 1101
505 1044
251 670
566 645
939 1156
710 775
102 281
635 781
1127 1243
80 113
448 1183
601 1133
1102 1155
6 1252
672 784
1118 1279
1184 1224
807 1237
480 879
1188 1194
143 848
1217 1257
1123 1250
621 1003
589 642
847 1166
495 598
411 784
1005 1114
1243 1251
249 313
1295 1298
190 901
1098 1278
1224 1274
608 1005
130 1152
282 1020
999 1155
403 1130
1070 1215
1152 1254
69 1141
826 1120
669 1285
205 1267
771 924
1270 1282
468 594
544 1141
448 499
1088 1125
1160 1230
135 942
1007 1137
857 963
795 1217
30 776
713 955
665 878
19 1261
1006 1028
889 1037
642 751
547 779
698 1177
1235 1265
912 1249
796 1074
1175 1250
574 881
684 1278
77 978
446 732
1065 1235
677 1010
717 1046
504 673
886 967
1071 1278
175 1257
191 707
77 605
482 1148
1184 1191
5 845
1131 1185
662 706
1152 1244
829 1228
877 896
181 518
660 898
254 359
690 1069
1112 1207
822 1225
133 334
315 1128
91 517
578 864
97 411
263 709
709 1204
202 613
247 1030
257 549
147 497
440 750
1004 1237
1086 1276
354 1241
1123 1194
643 706
401 535
580 766
871 1238
277 728
224 573
468 970
19 878
612 718
955 1237
102 1141
1053 1251
1007 1104
1260 1284
1271 1293
442 688
910 1171
483 689
1272 1294
150 436
1016 1188
198 821
601 717
854 897
666 1075
691 1248
1081 1174
85 1209
475 577
464 1242
424 1169
1256 1291
595 642
1102 1233
677 1206
630 636
76 1245
660 1153
252 1062
1189 1237
820 1254
421 462
504 905
993 1182
162 796
12 34
513 990
569 625
1233 1279
1221 1225
283 942
743 1272
1294 1295
1186 1204
1286 1291
31 312
543 1247
509 696
956 1007
71 879
209 1258
1226 1276
66 1029
505 1256
819 894
683 1262
1279 1287
930 990
155 734
1020 1292
291 1003
888 993
1201 1224
66 247
484 680
229 1293
103 1217
58 428
187 1067
725 971
937 1150
795 1066
821 1204
245 254
242 594
182 314
536 546
680 1085
511 898
805 1116
590 1191
1060 1226
1185 1257
995 1096
26 331
1007 1107
1146 1265
644 1018
356 880
777 1139
244 410
302 909
668 1232
294 905
196 370
831 881
558 951
1233 1269
264 882
144 588
1180 1263
1060 1118
670 783
477 617
249 381
144 853
469 1287
340 993
925 929
689 918
83 699
1260 1264
850 1100
927 1240
1041 1225
833 1047
786 935
1293 1297
1212 1223
346 1194
983 1220
855 1071
545 1174
350 1164
1006 1240
40 858
629 844
1236 1293
1275 1284
516 1232
1267 1280
191 1292
94 685
1183 1286
371 850
411 1035
1187 1256
725 853
1050 1287
848 1189
34 447
35 900
1160 1275
1179 1288
920 948
703 1179
530 879
1018 1191
232 1185
207 603
386 605
558 568
769 1246
473 838
195 256
816 832
840 897
925 1004
863 1029
17 1009
327 640
550 1243
1145 1272
1171 1181
15 410
849 1130
1157 1283
1262 1299
691 1218
499 868
732 990
1126 1295
12 1015
115 1287
440 818
862 956
468 737
525 1042
1296 1297
993 1296
986 1257
525 633
604 926
1281 1290
948 1001
253 1113
1158 1219
498 535
1008 1131
1053 1139
533 1252
1129 1277
1045 1283
1026 1041
138 350
255 606
329 555
159 1047
738 1019
1099 1290
7 949
1147 1187
696 1251
406 429
850 1080
990 1240
478 1208
1156 1272
1103 1117
277 1038
1074 1202
946 1053
1201 1279
202 1129
1014 1044
468 1136
494 779
1162 1287
584 1167
747 965
683 1209
689 731
1176 1227
953 1069
548 1249
1077 1221
192 1093
1178 1273
650 888
949 1035
334 768
1173 1194
145 343
149 493
501 1210
587 1213
1292 1294
634 1145
822 1116
6 413
1198 1223
1112 1183
884 947
390 1049
167 403
978 1219
234 1067
711 875
876 1208
538 575
48 302
118 626
507 587
738 865
724 930
1019 1113
1064 1264
928 1254
504 518
110 362
863 865
1209 1273
673 884
678 1228
398 765
958 1282
1265 1290
341 496
578 997
639 864
659 842
620 1259
621 1224
549 561
622 631
83 911
180 435
506 599
237 969
394 507
746 846
1260 1296
375 939
383 385
366 1119
572 1224
653 883
544 976
604 1027
566 735
844 1274
1059 1162
985 1213
477 806
1192 1197
850 1168
397 405
106 341
164 611
136 778
775 1030
928 943
1287 1290
4 1269
991 1148
997 1079
654 1234
943 1108
231 1280
730 735
277 1018
1168 1226
52 491
717 1290
1074 1182
248 1220
786 1124
1261 1274
231 642
918 1051
911 1012
1124 1156
382 811
817 968
1224 1243
1090 1163
593 1260
841 1096
1181 1281
12 311
632 693
456 845
462 776
647 1087
540 695
318 539
66 812
240 848
1057 1107
555 860
23 850
778 1017
367 925
1181 1258
74 1166
1245 1279
1264 1292
441 730
1068 1237
375 1279
505 751
301 1101
590 938
1215 1292
519 914
176 697
1137 1192
1196 1278
568 663
982 1026
866 994
172 397
1261 1264
384 582
398 1154
878 1233
338 731
1294 1297
513 1077
646 1112
929 1055
97 753
487 530
293 399
759 1138
1156 1219
882 979
1149 1180
430 935
1078 1156
965 1099
1218 1279
19 726
327 842
46 420
377 928
360 1104
262 569
753 806
642 975
968 1225
27 442
1142 1261
455 1234
1126 1173
1142 1297
7 320
469 494
750 1038
1245 1246
782 1219
379 1131
979 1275
1155 1208
814 915
966 1192
1173 1262
939 1095
188 1047
819 850
158 201
736 995
915 1232
592 1216
243 1062
554 695
1260 1266
71 318
294 655
392 818
122 957
979 1252
1274 1286
135 747
1240 1293
51 259
1092 1129
668 1247
853 1112
258 674
229 876
622 1216
816 1001
54 386
754 1026
1005 1282
989 1274
368 1076
607 1092
15 1217
321 506
311 950
72 439
1133 1287
377 666
1116 1234
794 1220
456 550
554 564
65 256
70 222
264 465
1196 1199
967 1147
1054 1115
1067 1234
268 1109
891 1237
211 346
1024 1272
1086 1104
554 1094
1169 1218
720 1126
1142 1264
90 959
816 834
508 718
955 1029
773 1138
447 559
604 1180
1052 1227
1012 1154
402 816
1266 1299
1059 1086
1262 1265
1241 1242
1168 1258
1160 1254
893 910
496 865
1097 1234
1137 1270
114 534
466 1102
1190 1282
401 484
1113 1178
52 1233
122 803
512 580
704 750
1288 1295
709 1130
174 706
1281 1292
292 698
435 1235
619 1056
1039 1121
1167 1270
244 1295
730 1009
1251 1269
99 648
368 693
119 626
773 1236
596 1045
506 1151
1265 1289
883 958
293 598
572 873
1111 1267
634 784
986 1092
1105 1192
843 1043
774 1172
889 930
587 708
294 1129
44 1183
856 1247
275 478
495 710
708 854
207 572
1141 1230
551 907
358 741
1173 1219
517 914
119 1133
741 1296
997 1222
753 1270
681 1022
1248 1249
572 1115
37 542
16 748
138 594
1254 1292
317 596
592 764
990 1219
736 808
130 1264
475 624
588 650
769 1107
453 1279
203 430
667 1059
314 526
1243 1255
976 1176
781 937
65 730
1135 1169
168 1002
1114 1146
266 1165
1277 1289
634 1003
666 1135
1227 1288
284 661
120 818
1103 1109
486 1024
1149 1225
145 731
961 1290
1062 1076
610 1212
408 1226
264 687
912 988
1151 1270
816 1200
602 948
75 1053
841 964
505 1015
725 1018
362 966
184 816
1060 1273
773 951
371 642
1071 1282
1191 1198
269 365
532 1004
604 1258
550 1287
1212 1257
971 1051
923 1240
867 1259
43 961
168 1221
637 1062
571 937
89 519
359 380
640 1216
1176 1196
287 540
1014 1134
840 869
1287 1292
810 1255
698 785
1279 1288
583 947
818 850
674 1065
1237 1291
770 773
1201 1225
857 1186
26 1029
409 767
930 1027
259 1237
203 253
451 504
1091 1209
87 752
158 1041
863 1122
910 1054
266 723
1275 1295
785 1288
1093 1175
333 1158
1238 1264
1165 1280
1112 1188
683 1011
689 942
729 978
399 614
451 890
710 1001
520 1249
1178 1255
477 533
90 209
1023 1088
658 1075
603 1139
1227 1232
1192 1274
976 1012
1196 1244
382 1176
920 1080
878 934
262 702
266 1230
349 590
1154 1283
933 1135
1193 1211
779 848
542 1021
797 1131
1157 1294
222 256
39 549
1294 1299
1012 1055
283 766
1278 1291
489 871
1109 1253
1223 1275
302 370
840 1065
792 908
678 886
300 971
286 1036
610 639
1149 1182
687 742
990 1274
349 832
1111 1155
196 1264
1128 1244
786 949
798 960
281 1078
1133 1178
965 993
1077 1134
420 1013
826 1143
1154 1237
534 626
1060 1230
1025 1123
343 766
130 393
159 1094
1090 1109
1190 1196
707 962
1067 1125
820 839
228 964
75 313
212 1105
740 1224
382 1287
500 605
833 894
67 1132
556 1031
94 820
1065 1137
1196 1211
739 1152
954 1040
745 966
441 820
699 935
619 826
597 924
377 655
64 1098
661 1088
91 1201
607 1117
302 481
1174 1201
1179 1279
193 1248
32 248
9 381
1151 1217
129 675
589 776
294 742
200 735
250 443
945 968
345 1089
482 1243
1005 1284
187 917
330 557
518 1282
875 1174
36 110
90 575
66 1121
638 709
651 728
1152 1159
841 1297
138 1146
288 676
1262 1290
328 632
687 1059
559 910
292 566
596 1057
336 752
826 845
502 1013
254 948
789 963
495 516
528 1187
837 1268
476 768
189 409
359 1086
738 1262
144 294
248 760
804 1127
1158 1210
608 1152
390 929
749 1276
791 864
1143 1203
896 1066
1236 1251
850 1215
943 1263
521 896
371 808
1186 1286
719 731
1092 1242
1206 1264
167 1078
1084 1238
287 994
215 560
736 820
1157 1228
73 476
1281 1294
168 1122
1239 1297
434 1278
25 27
635 1268
1045 1166
201 927
1097 1213
481 944
1035 1238
767 929
142 1106
266 647
1221 1248
596 1047
824 1054
692 755
1273 1295
769 975
534 992
1069 1236
571 1139
1055 1072
371 785
846 1078
818 1245
163 1021
584 785
1239 1274
1231 1270
1168 1250
239 521
284 529
930 1049
958 1031
916 1114
574 1005
888 1052
640 721
529 1119
971 1086
598 724
580 1201
272 1085
396 626
452 1015
682 803
866 1149
535 906
854 1031
1208 1263
677 846
797 911
927 1286
738 1121
78 437
207 322
223 904
90 411
445 459
1292 1298
561 899
1182 1283
254 519
31 590
1081 1200
665 727
929 1102
361 501
705 1065
467 748
495 1255
1247 1268
404 1073
268 1212
780 835
432 646
863 1278
557 906
307 911
19 593
14 249
433 727
1174 1256
673 708
1205 1243
644 910
480 1104
825 842
1049 1224
875 1108
16 969
604 1139
973 1122
802 1240
1239 1241
1007 1120
529 1230
78 1294
130 438
468 842
702 929
270 1235
74 277
357 745
1019 1130
1294 1298
891 1173
348 925
942 1255
297 471
1257 1267
941 1030
274 832
910 1079
816 1035
371 1030
51 823
1048 1278
223 786
1247 1258
884 1026
418 473
458 509
1089 1166
1095 1209
99 198
98 382
805 998
1272 1287
1034 1086
826 1057
471 829
673 698
817 828
358 1217
315 581
921 1294
1021 1152
630 1267
643 1206
1045 1100
708 1186
628 1077
1078 1134
546 1273
347 835
1048 1291
572 1182
1055 1150
255 688
925 1040
367 1014
1171 1217
1008 1190
672 1241
1035 1064
922 1007
776 1298
1003 1260
416 497
894 1210
472 1072
85 397
303 885
457 943
1074 1140
851 1248
1026 1100
1206 1296
657 708
404 1053
654 819
0 295
357 941
420 652
899 995
1212 1226
309 1050
1139 1242
960 1011
1245 1260
291 1032
413 878
1006 1243
1151 1252
454 995
1016 1027
192 766
987 1000
437 1091
732 859
857 1119
662 1209
441 1061
457 511
431 1047
611 1243
1249 1271
886 1182
1047 1136
938 1229
949 1238
776 938
830 1058
429 714
187 772
7 1250
19 1224
310 613
403 432
206 641
226 656
684 1205
127 1022
271 398
1185 1227
218 651
670 897
36 351
264 1261
1195 1276
569 1259
651 920
596 804
192 1129
869 1228
416 1282
1161 1256
320 411
45 63
785 1005
616 1047
591 874
1144 1203
1236 1286
391 1194
1047 1270
1275 1277
955 1007
540 679
577 1055
857 1109
73 655
1169 1232
1030 1037
606 1155
1001 1010
732 1114
1154 1252
123 741
559 634
979 991
965 1093
969 1063
380 439
819 975
218 340
1012 1024
1002 1096
152 660
54 1028
1165 1239
838 844
1204 1230
402 542
589 634
1006 1102
314 1103
910 1134
702 1105
475 648
31 900
675 822
247 561
709 1229
171 687
486 662
1172 1255
443 737
534 1233
166 837
1150 1236
343 1144
41 1071
937 1208
883 1008
632 1246
1127 1225
596 771
142 192
822 854
434 629
587 722
1200 1294
175 1272
272 567
1066 1214
819 965
497 914
919 1052
323 761
209 547
39 1002
1243 1292
193 831
163 251
793 1092
492 835
878 1279
1186 1252
1171 1272
382 703
249 439
574 1053
829 1014
1127 1202
392 753
518 600
612 756
1199 1227
787 1282
165 561
1228 1290
355 1216
897 1270
556 977
1118 1238
499 1260
1044 1060
950 1016
1036 1205
223 1096
1181 1294
147 283
778 1089
979 1079
1076 1277
800 1193
29 1087
40 1096
126 1019
668 1159
527 954
255 1286
1036 1097
102 1156
470 1094
403 1004
1219 1298
656 812
143 1193
16 860
1101 1162
1074 1208
984 1171
199 981
440 778
130 329
418 616
118 992
869 1077
681 1255
974 1242
788 823
708 714
358 601
945 1035
1266 1270
148 791
256 324
312 979
731 1228
279 573
499 805
873 903
949 1270
1201 1262
600 893
150 693
574 1020
30 856
286 553
1132 1284
516 1015
824 1131
4 1249
797 1034
1116 1159
318 1036
1128 1170
459 746
745 1252
99 1257
210 450
195 965
798 886
939 974
818 864
4 876
910 947
382 562
592 1275
665 1259
942 979
212 645
595 1200
1190 1266
406 1004
209 1021
897 1129
394 1295
224 326
844 1123
983 1281
701 1074
1076 1100
947 1215
994 1147
399 1001
1036 1064
1187 1196
100 1199
32 161
480 962
149 188
1154 1284
485 897
590 1062
90 367
1111 1179
1082 1152
415 1246
318 496
634 1141
630 762
602 929
259 1120
304 1271
1156 1222
391 1010
212 779
1061 1070
977 1256
1237 1295
12 690
265 870
941 1153
116 927
51 681
1182 1216
1147 1258
301 1238
563 1058
1253 1276
1105 1261
896 1267
17 1299
1211 1279
162 634
1086 1284
1091 1213
76 301
936 1196
434 949
893 1234
694 759
1275 1299
1267 1295
1227 1259
1160 1169
1219 1255
73 1086
312 1188
372 1239
143 247
1028 1278
647 949
1095 1188
1154 1274
190 853
67 1277
792 1187
710 1234
913 1068
1252 1288
1058 1157
197 483
355 777
508 1019
352 851
1041 1253
134 1074
67 230
613 663
873 968
764 1097
1238 1245
1145 1166
977 1210
998 1004
57 975
275 1054
1026 1102
1107 1176
493 1133
689 779
376 1222
1068 1184
338 701
1079 1193
260 1010
975 992
68 1105
1286 1299
1044 1128
201 588
664 727
341 711
908 1087
154 1150
58 279
78 108
1177 1248
694 1014
536 577
11 692
373 928
407 512
1147 1225
1211 1246
470 488
282 288
208 1242
66 255
306 465
48 844
830 1145
511 1279
1215 1252
208 1098
229 892
139 1227
1105 1120
954 1296
669 818
1147 1202
944 1139
958 1186
506 1056
847 1206
594 760
564 1003
1199 1285
108 723
101 598
117 463
809 1179
904 922
1157 1288
974 1166
1255 1265
1101 1207
355 1274
62 1021
304 963
1221 1272
542 1100
498 648
124 1261
243 1032
885 1210
1107 1143
1047 1128
617 1135
459 1223
441 909
545 1146
727 1123
682 742
336 1008
835 841
567 761
240 366
983 1084
561 717
559 793
878 1147
306 347
109 593
978 1005
517 796
1074 1207
1025 1202
689 1253
1151 1198
674 1124
572 588
246 683
555 764
793 1081
191 747
1236 1242
338 766
182 927
986 987
662 1155
157 1019
748 786
58 488
1107 1133
773 879
664 972
710 939
623 1163
1029 1213
328 348
715 1282
763 950
103 266
1113 1148
1172 1234
401 1128
506 1144
668 1063
1201 1297
686 931
1242 1298
184 1215
1088 1276
344 1087
937 1223
1091 1281
364 507
661 1288
502 886
951 1127
782 1169
13 844
440 911
989 1090
681 894
1208 1277
136 914
81 978
165 1237
700 727
1272 1298
393 1101
1129 1249
572 1252
560 1098
207 336
824 1058
91 1293
217 1140
1182 1297
273 775
374 678
262 1291
772 1133
369 1008
1038 1252
1112 1201
998 1216
486 1184
182 364
344 1100
888 935
49 774
244 604
186 1157
1096 1229
449 1238
1147 1280
329 684
312 860
706 1165
1201 1287
363 1091
476 968
69 464
1044 1160
1004 1087
186 1049
1277 1282
849 984
430 1117
1147 1172
1287 1295
616 1127
979 1179
1258 1268
447 1026
410 1287
895 1036
100 1247
838 1176
743 1204
572 797
651 712
384 597
930 1030
1224 1248
801 1294
529 606
862 895
357 988
980 1116
438 833
736 1164
424 669
64 97
1143 1259
90 235
695 1132
1223 1288
611 1169
842 922
195 1111
518 569
1136 1256
588 633
586 852
223 800
1080 1095
556 946
17 1226
728 1201
172 834
712 1193
900 1164
142 1077
261 274
397 1038
266 618
596 1018
964 1185
565 1259
445 1114
148 482
372 1130
1223 1265
752 1271
365 596
378 386
154 678
250 1140
614 1157
816 1026
254 1259
483 853
414 839
329 386
551 1253
571 1231
634 842
798 1130
1283 1287
977 1101
574 976
551 1109
400 531
13 271
187 1061
51 297
109 504
1275 1288
1013 1139
183 947
535 1286
904 1232
11 197
978 1181
799 950
986 1042
201 852
888 1144
143 910
390 638
1086 1165
1279 1294
229 541
1001 1286
593 1232
610 1172
1048 1138
1261 1282
45 231
152 1260
1159 1234
125 605
1015 1226
693 797
292 1276
642 980
1 538
51 130
827 1291
446 925
87 169
1267 1297
700 841
671 1043
86 1027
482 847
982 1021
374 527
226 778
320 556
620 668
240 941
921 1190
830 892
431 917
364 827
67 232
389 1186
38 434
295 993
341 1109
436 852
865 886
406 1238
830 928
150 1169
683 729
323 1240
381 507
471 1075
1013 1129
184 524
1033 1107
1246 1251
1018 1244
261 856
1290 1294
53 827
968 1243
760 1214
488 755
915 1237
1108 1137
1289 1298
62 912
752 1130
932 1060
909 1193
854 1257
694 1268
541 1175
573 978
344 1155
812 1260
436 1009
349 1090
630 960
903 1118
1062 1291
472 1197
855 1078
190 953
117 969
1173 1244
50 421
1278 1297
1090 1246
638 1085
294 637
820 1241
801 819
1092 1291
497 853
428 982
23 30
752 1228
714 1201
915 962
377 1021
86 320
852 1022
930 941
434 774
1181 1197
707 932
919 1197
1247 1291
489 746
1057 1167
994 1227
545 1135
874 1045
511 993
1293 1294
108 725
1092 1124
1211 1261
1157 1290
102 156
907 1078
531 1093
511 849
933 987
213 1192
354 1051
970 1054
1256 1268
298 741
284 843
874 937
459 960
12 649
196 1224
29 967
899 966
722 1190
1145 1256
1097 1216
809 929
853 1264
534 730
290 1007
83 794
262 1025
685 899
353 1063
556 605
1043 1101
694 947
825 1287
726 936
101 289
195 482
299 719
135 1105
667 1231
687 1209
688 1174
877 961
888 970
134 1262
824 1034
1117 1287
348 696
409 563
1236 1244
426 652
925 1122
292 392
58 225
505 536
1225 1234
140 523
592 1178
1254 1297
1246 1293
939 1142
1084 1231
855 1179
876 973
482 817
1116 1183
228 492
484 1272
940 994
459 541
631 653
929 1213
369 467
701 977
1181 1285
963 1242
383 667
361 1057
374 1076
630 773
814 1119
597 1270
845 1106
1032 1198
1254 1274
144 241
377 592
1118 1121
681 1269
493 1069
364 1147
435 533
599 821
1199 1231
549 820
77 1239
102 1183
720 967
503 1118
445 619
831 920
483 731
210 307
863 872
357 1000
333 414
885 1156
791 883
1011 1152
932 971
970 1263
1257 1293
883 966
777 805
1075 1136
286 338
302 840
743 928
171 1260
560 1221
377 1099
1087 1146
866 998
1079 1142
725 1059
114 1134
1179 1229
584 791
1018 1132
401 1084
768 1286
1224 1237
849 1094
1295 1297
207 315
1048 1160
152 379
1012 1237
905 1111
376 618
262 596
1284 1287
895 917
747 939
29 659
825 858
851 996
312 1127
889 1288
260 671
172 558
1247 1261
603 781
609 1090
1037 1122
144 990
743 1206
620 955
900 1009
1186 1223
445 465
1097 1294
621 1185
790 877
653 988
966 1219
519 679
1204 1276
474 1022
1216 1250
225 812
301 313
979 1194
615 997
928 1228
532 1228
447 632
1127 1294
527 624
189 745
1205 1213
943 984
446 1081
1203 1289
1194 1240
1140 1269
817 1253
266 476
598 949
362 529
565 1117
1014 1129
928 1205
71 767
1272 1280
286 920
308 450
35 929
114 993
839 989
1078 1271
571 680
472 558
850 998
456 613
936 1187
1109 1258
294 551
936 958
172 525
861 927
894 961
764 931
758 771
473 1047
1037 1089
555 857
604 978
560 563
41 721
56 206
842 1035
521 800
346 719
543 1004
65 1114
990 1135
208 1279
1180 1295
730 1095
493 1268
192 1011
781 997
1179 1186
331 531
336 646
422 835
541 935
613 1040
471 956
1187 1275
608 961
1151 1209
511 1257
673 1090
1242 1247
34 57
79 208
595 1027
1144 1206
602 923
1297 1299
506 1178
1275 1280
278 682
1173 1269
732 852
323 424
429 442
455 580
430 932
416 997
296 852
799 1027
1012 1171
516 1084
690 1120
859 929
203 215
1076 1192
1282 1297
1080 1162
740 748
150 654
897 1077
682 1152
337 480
473 749
688 823
1025 1082
1136 1215
840 1073
380 563
268 1139
709 1147
617 884
444 1221
740 954
283 895
818 910
982 1278
735 1141
959 1294
1120 1211
261 1221
333 1097
572 625
502 789
370 490
265 962
81 387
1236 1279
182 1193
934 1206
1099 1273
1026 1060
946 951
1091 1269
1063 1207
1270 1277
1289 1290
398 853
211 847
147 188
384 546
1110 1175
305 1156
162 582
258 815
1293 1296
193 1243
229 608
1050 1129
1153 1258
706 947
1172 1271
123 626
1096 1132
728 1114
109 1222
1269 1289
275 351
1134 1244
332 885
736 1234
733 820
932 1029
989 1271
15 540
95 420
335 630
548 774
633 998
232 654
928 995
57 393
264 606
1143 1185
173 604
295 1204
266 652
596 1052
1059 1191
238 590
1236 1269
1006 1072
92 1146
1018 1046
1017 1230
1064 1162
292 1091
929 1117
193 703
611 1216
351 997
161 1245
899 945
384 765
364 521
1266 1296
836 1154
1056 1194
863 1028
1216 1295
370 1275
685 1287
427 726
812 1062
371 682
258 396
989 1140
870 923
146 600
1244 1250
694 926
207 579
933 979
726 915
1185 1200
629 833
1285 1287
803 869
1015 1283
260 441
1080 1263
240 383
343 970
1030 1033
1073 1260
442 1128
981 997
1160 1228
227 794
814 1265
270 347
15 1060
45 1168
743 1061
830 1129
77 217
962 1019
143 1065
801 922
1234 1298
1099 1253
317 809
220 876
1277 1296
272 694
973 1150
238 930
178 650
571 990
165 302
1266 1286
318 401
1177 1294
1197 1272
676 783
853 1233
1220 1292
391 650
1117 1279
156 1241
968 1156
1128 1294
1140 1268
685 724
800 1199
144 894
429 618
283 1238
186 631
1080 1253
0 212
630 1053
978 1205
1246 1285
911 923
1042 1226
445 1007
218 699
904 1292
981 987
41 923
1240 1247
803 980
1143 1165
1283 1288
499 834
310 638
1292 1293
748 1166
1257 1272
134 449
65 727
321 424
754 800
831 1020
1112 1182
1184 1287
236 1219
1176 1203
1228 1250
932 1251
1219 1281
923 1139
149 433
863 1008
567 1095
319 615
151 622
198 554
468 1089
697 1061
1024 1190
855 1269
157 967
1028 1160
579 1105
508 636
1054 1069
846 1040
293 1236
626 628
1223 1292
464 1240
373 856
128 1025
1059 1269
1216 1252
1249 1286
110 747
543 1160
642 1102
359 930
642 873
251 988
520 618
1261 1296
1221 1223
14 895
1060 1126
1245 1288
914 1188
1142 1195
1234 1278
53 334
398 597
386 1297
1298 1299
1064 1132
109 351
875 936
105 646
381 1218
224 597
912 1083
258 330
595 918
408 683
1050 1053
867 1197
360 606
1141 1171
601 669
333 360
1147 1251
1105 1254
203 250
1108 1259
311 1015
813 853
909 1086
1010 1138
996 1203
632 1186
692 1237
747 1173
524 1244
735 790
668 880
372 967
197 620
1065 1190
715 1220
1016 1297
1149 1189
800 1035
1260 1285
379 453
776 1172
414 856
462 487
347 686
489 1035
157 1199
486 1109
3 732
585 859
510 1094
497 975
1180 1297
906 914
514 1064
844 939
336 383
157 1055
388 430
256 1177
114 190
1039 1294
9 519
699 700
342 957
950 956
709 750
1140 1202
459 1249
98 861
627 833
668 834
162 1291
1294 1296
1186 1205
36 477
273 978
381 511
924 1204
1206 1268
565 1122
414 810
590 626
1157 1268
649 712
571 1058
455 1112
857 1006
32 1158
571 649
145 1035
1244 1272
1082 1210
555 790
187 394
1121 1201
915 953
791 917
290 635
743 877
316 544
710 965
63 974
842 1004
814 1022
1099 1154
1078 1217
1168 1290
825 1036
836 1045
1285 1286
995 1218
823 883
856 880
1288 1291
1248 1255
100 259
216 928
137 406
184 338
1044 1196
302 622
748 825
659 1125
660 712
1066 1134
422 1298
825 928
225 1278
214 774
62 1027
323 1175
1274 1285
1000 1045
1030 1153
502 768
60 572
186 797
77 890
