1
0
130
250
120 129
109 129
12 68
42 103
105 116
125 128
16 102
16 47
1 58
37 79
81 112
65 125
103 109
12 98
91 98
109 113
23 61
27 43
96 97
98 103
116 118
45 76
99 111
116 127
8 66
11 117
99 120
20 40
22 37
69 88
45 103
31 113
48 129
86 113
120 124
96 99
39 74
119 128
107 108
90 92
105 111
24 101
3 8
51 57
68 107
31 33
29 45
0 9
24 58
106 109
6 52
87 105
42 82
41 101
58 117
44 97
88 97
93 111
25 93
88 106
108 118
46 54
32 119
38 50
4 82
86 99
4 27
114 115
112 118
92 94
57 63
114 124
115 123
43 82
60 98
18 126
106 129
102 107
105 106
119 123
88 99
68 93
31 74
99 108
90 105
86 91
68 82
74 118
82 101
52 60
14 21
13 117
29 113
67 97
97 119
19 84
27 97
93 106
54 78
25 42
83 123
46 104
29 97
40 42
98 123
103 119
10 65
70 95
117 121
53 63
96 98
119 127
10 101
22 66
56 68
120 126
92 119
47 129
73 84
15 91
93 126
54 89
58 71
24 103
75 121
32 107
41 64
112 115
1 55
95 108
113 123
21 113
48 60
115 129
81 127
48 69
65 85
91 113
92 109
110 126
100 125
0 47
6 26
50 60
124 128
103 105
26 102
68 117
69 82
33 117
7 43
58 91
56 91
18 52
64 104
7 52
41 84
36 88
99 126
19 26
27 30
20 110
100 109
39 68
60 100
71 82
88 98
20 128
69 112
94 111
34 127
76 96
9 43
14 66
60 118
84 85
67 78
126 127
36 72
24 107
118 123
25 51
18 100
59 83
13 61
78 96
80 93
113 118
93 96
83 95
73 127
29 124
94 104
91 117
43 104
15 97
126 129
116 128
104 108
108 124
99 121
71 105
115 117
73 111
113 129
51 83
54 116
46 78
128 129
15 72
84 126
120 125
74 103
22 120
106 126
3 61
83 115
94 115
24 93
55 126
29 89
46 96
53 92
89 91
42 126
22 86
5 79
103 114
39 56
79 129
122 127
17 90
114 123
95 119
92 102
56 115
102 112
13 22
106 128
111 124
13 31
45 72
56 81
10 59
113 115
85 126
81 119
123 128
83 101
32 92
